${model_information}
c Cell Card
1 1 -${fuel_rho} -1 4 -5 imp:n=1 
2 2 -1.7 (-2 1 -7 6):(-1 5 -7):(6 -1 -4) imp:n=1 
99 0 7:-6:(2 -7 6) imp:n=0 
 
c Surface Card
1 CZ ${r_core}
2 CZ ${r_refl}
4 PZ 0
5 PZ ${core_z}
6 PZ ${refl_min}
7 PZ ${refl_max}

c Data Card
c
c Burnup
burn time=0.25 65 300 365.25 8R power=${core_power} pfrac=1 11R 
        bopt=1 14 -1 mat= 1
      omit= -1 128  66159 67163 67164 67166 68163 68165 68169 69166   
         69167 69171 69172 69173 70168 70169 70170 70171 70172 70173  
         70174 6014 7016 39087 39092 39093 40089 40097 41091 41092    
         41096 41097 41098 41099 42091 42093 70175 70176 71173 71174  
         71177 72175 72181 72182 73179 73183 74179 74181 8018 8019    
         9018 10021 12027 13026 13028 14027 14031 16031 16035 16037
         17034 17036 17038 18037 18039 20045 20047 21044 21046 21047
         21048 22045 22051 23047 23048 23049 23052 23053 23054 24049
         24051 24055 24056 25051 25052 25053 25054 25056 25057 25058
         26053 26055 26059 26060 26061 27057 27060 27061 27062 27063 
         27064 28057 28063 28065 29062 29064 29066 40088 41100 42101
         43097 43098 44097 73184 73185 73186 74185 74187 74188 75184
         75186 75188 76184 76185 76186 76187 76188 76189 76190 72183
${fuel_string}
mt1 grph.20t
C name: Carbon, Graphite (reactor grade)
C density = 1.7
m2
     5010 -1.8431e-07
     5011 -8.1569e-07
     6012 -9.8841e-01
     6013 -1.1584e-02
mt2 grph.20t
c
c Materials for 3 factor tallies
c
C name: Tungsten
C density = 19.3
m3
     74180 -1.1746e-03
     74182 -2.6227e-01
     74183 -1.4241e-01
     74184 -3.0658e-01
     74186 -2.8757e-01
C name: Inconel-718
C density = 8.2
m4
     5010 -9.2155e-06
     5011 -4.0785e-05
     6012 -7.2154e-04
     6013 -8.4565e-06
     13027 -5.0000e-03
     14028 -2.9214e-03
     14029 -1.5371e-04
     14030 -1.0494e-04
     15031 -1.4000e-04
     16032 -1.3260e-04
     16033 -1.0797e-06
     16034 -6.3031e-06
     16036 -1.5704e-08
     22046 -7.1281e-04
     22047 -6.5680e-04
     22048 -6.6461e-03
     22049 -4.9790e-04
     22050 -4.8644e-04
     24050 -7.9300e-03
     24052 -1.5903e-01
     24053 -1.8380e-02
     24054 -4.6614e-03
     25055 -3.1800e-03
     26054 -9.5974e-03
     26056 -1.5623e-01
     26057 -3.6726e-03
     26058 -4.9733e-04
     27059 -9.1000e-03
     28058 -3.5279e-01
     28060 -1.4057e-01
     28061 -6.2126e-03
     28062 -2.0133e-02
     28064 -5.2922e-03
     29063 -1.8695e-03
     29065 -8.6052e-04
     41093 -5.1250e-02
     42092 -4.2445e-03
     42094 -2.7310e-03
     42095 -4.7781e-03
     42096 -5.0814e-03
     42097 -2.9569e-03
     42098 -7.5898e-03
     42100 -3.1183e-03
C name: Carbon Dioxide
C density = 0.0
m5
     6012 -2.6975e-01
     6013 -3.1615e-03
     8016 -7.2512e-01
     8017 -2.9356e-04
     8018 -1.6768e-03
VOL ${fuel_vol} ${refl_vol}
kcode 10000 1 15 60
ksrc  0 0 1
mode n
F4:n 1
E4 1E-9 10ILOG 1E-5 140ILOG 10
print
